<?xml version="1.0" encoding="UTF-8" standalone="no"?>
<!-- Created with Inkscape (http://www.inkscape.org/) -->

<svg
   version="1.1"
   id="svg1"
   width="768"
   height="511.67999"
   viewBox="0 0 768 511.67999"
   sodipodi:docname="goat-icon"
   inkscape:version="1.4 (e7c3feb100, 2024-10-09)"
   xmlns:inkscape="http://www.inkscape.org/namespaces/inkscape"
   xmlns:sodipodi="http://sodipodi.sourceforge.net/DTD/sodipodi-0.dtd"
   xmlns="http://www.w3.org/2000/svg"
   xmlns:svg="http://www.w3.org/2000/svg">
  <defs
     id="defs1" />
  <sodipodi:namedview
     id="namedview1"
     pagecolor="#ffffff"
     bordercolor="#000000"
     borderopacity="0.25"
     inkscape:showpageshadow="2"
     inkscape:pageopacity="0.0"
     inkscape:pagecheckerboard="0"
     inkscape:deskcolor="#d1d1d1"
     showgrid="false"
     inkscape:zoom="1.6875"
     inkscape:cx="384.2963"
     inkscape:cy="247.40741"
     inkscape:window-width="1920"
     inkscape:window-height="1080"
     inkscape:window-x="0"
     inkscape:window-y="0"
     inkscape:window-maximized="1"
     inkscape:current-layer="g1" />
  <g
     inkscape:groupmode="layer"
     inkscape:label="Image"
     id="g1">
    <path
       d="m 122.69727,155.51953 c -0.264,0 -1.26113,0.86392 -2.2168,1.91992 -0.95567,1.056 -1.52181,1.91993 -1.25781,1.91992 0.264,0 1.26112,-0.86392 2.21679,-1.91992 0.95567,-1.056 1.52182,-1.91992 1.25782,-1.91992 z"
       style=""
       id="path12" />
    <path
       d="m 134.5293,143.23437 c -0.97193,0.0661 -2.34773,0.3147 -4.10938,0.7793 -10.19065,2.68757 -19.29688,10.39247 -23.77929,20.11719 -3.51928,7.63516 -4.08797,8.20117 -6.781255,6.75976 -1.500555,-0.80308 -1.939453,-0.74523 -1.939453,0.25586 0,0.7118 -1.278278,2.51963 -2.841797,4.01758 -1.981389,1.89829 -3.042059,4.0517 -3.5,7.10547 -0.512605,3.41829 -1.652728,5.44282 -5.185547,9.21484 -5.762979,6.15321 -6.712891,8.04198 -6.712891,13.34375 0,3.51644 0.4672,4.68069 2.529297,6.30274 1.391206,1.09432 3.806995,1.98828 5.367188,1.98828 h 2.835937 l -0.605468,7.91992 c -0.397647,5.20092 -0.240527,8.4157 0.457031,9.36133 0.853765,1.15737 0.94341,1.01536 0.455078,-0.7207 -0.483353,-1.71837 -0.218385,-2.16016 1.296875,-2.16016 1.047581,0 2.122356,0.54117 2.388672,1.20117 0.266315,0.66 0.524449,0.11883 0.574219,-1.20117 0.129233,-3.42758 1.257572,-4.8808 2.966796,-3.82226 1.13319,0.70179 1.606678,-0.0243 2.376958,-3.6504 0.90911,-4.27967 1.14769,-4.54157 4.36914,-4.8125 4.38367,-0.36867 6.1198,1.57059 7.55664,8.44532 0.60694,2.904 3.08035,9.51896 5.49804,14.69922 5.07517,10.87427 6.10624,19.16931 2.97461,23.94921 -0.924,1.41033 -1.68164,3.63338 -1.68164,4.93946 0,2.6757 10.06864,16.63373 14.13477,19.5957 1.8311,1.33387 2.89061,3.34328 3.70508,7.02344 0.62734,2.83464 2.27275,7.81689 3.65625,11.07226 1.63584,3.84913 2.71732,8.54835 3.09375,13.43946 0.31837,4.13663 1.22174,9.8235 2.00586,12.63672 2.30949,8.28588 -0.2346,26.22547 -4.54883,32.08398 l -1.94336,2.64063 h 5.16015 c 6.28218,0 7.82969,-1.44271 8.69532,-8.10743 0.33918,-2.61135 1.03007,-5.00425 1.53515,-5.3164 0.55265,-0.34156 0.10153,-3.53143 -1.13281,-8.01172 -1.91492,-6.95062 -1.96834,-8.04151 -0.81641,-16.43164 0.6786,-4.94266 1.07643,-12.15021 0.88477,-16.01758 -0.29738,-6.00071 -0.1105,-7.07826 1.27148,-7.35156 2.94582,-0.58255 4.67007,3.8759 5.54688,14.33984 0.45793,5.46499 1.36291,12.3128 2.00976,15.2168 0.93814,4.2116 0.9235,7.41663 -0.0723,15.83984 -0.68659,5.808 -1.8383,11.97323 -2.55859,13.70117 -1.36818,3.28215 -1.42965,3.17921 2.57421,4.31446 0.792,0.22457 2.73199,0.0424 4.3125,-0.4043 1.58052,-0.44673 3.02319,-0.81055 3.20508,-0.81055 0.1819,0 0.0347,-1.75682 -0.32812,-3.90429 -0.49312,-2.91877 -0.29773,-4.19219 0.77539,-5.04102 1.17033,-0.92574 1.26978,-2.11138 0.54101,-6.41602 -1.84588,-10.90303 -2.04873,-22.44617 -0.52539,-29.82226 0.81064,-3.92521 1.77811,-9.83672 2.15039,-13.13672 l 0.67774,-6 h 3.65039 c 2.00812,0 8.75641,1.33436 14.99609,2.9668 14.84152,3.88286 26.5558,4.24203 32.7793,1.00195 5.71181,-2.97368 8.0344,-2.45684 9.53125,2.125 0.66387,2.03208 2.7101,5.45181 4.54687,7.59766 1.83676,2.14584 3.61664,5.38477 3.95704,7.19922 1.54935,8.25878 -2.27732,22.17085 -8.25,29.98828 -2.82772,3.70112 -7.69922,11.8031 -7.69922,12.80468 0,0.80414 5.5384,0.82513 9.48828,0.0352 2.58463,-0.51692 3.0886,-1.11248 3.58594,-4.22266 0.48483,-3.03197 1.02879,-3.70927 3.35156,-4.17382 2.58817,-0.51763 2.77344,-0.85789 2.77344,-5.09375 0,-3.55497 1.14348,-6.87351 5.27929,-15.31446 2.904,-5.92689 5.28125,-11.89938 5.28125,-13.27343 0,-1.37406 -1.08039,-5.065 -2.40039,-8.20118 -2.99118,-7.10674 -3.14862,-10.56054 -0.48047,-10.56054 1.056,0 1.91992,0.38113 1.91992,0.8457 0,0.46456 2.35197,2.62068 5.22657,4.79102 3.99887,3.01918 5.89063,5.35733 8.04883,9.95507 4.2421,9.0372 5.29906,14.94685 4.71679,26.35547 -0.41346,8.1012 -0.97074,10.91206 -2.96484,14.94141 -1.35081,2.72948 -2.36885,5.0375 -2.26172,5.1289 0.10712,0.0914 2.35414,0.45305 4.99414,0.80469 6.56146,0.87396 8.48047,-0.60161 8.48047,-6.52539 0,-2.45074 0.2605,-4.45703 0.57812,-4.45703 0.31762,0 0.41069,-7.64025 0.20704,-16.97852 -0.23704,-10.86919 0.0351,-18.79232 0.75781,-22.02148 l 1.1289,-5.04492 -4.73437,-4.61719 -4.73438,-4.61719 -0.65429,-12.54882 c -0.58251,-11.15524 -0.44785,-13.07638 1.22265,-17.31446 1.03349,-2.622 2.17591,-7.34368 2.53907,-10.49219 1.41702,-12.28535 4.48098,-17.72352 12.20507,-21.66406 3.53367,-1.80275 6.16143,-5.5741 4.61329,-6.62109 -0.39036,-0.264 -1.0405,-1.53861 -1.44532,-2.83399 -0.81372,-2.60375 -3.36328,-5.60025 -3.36328,-3.95312 0,1.99637 -2.75051,0.99785 -3.12109,-1.13281 -0.27836,-1.60045 -0.70851,-0.94371 -1.65625,2.53515 -1.63661,6.00751 -6.03148,11.14649 -9.53516,11.14649 -2.25337,0 -8.0349,-3.32696 -9.6289,-5.54102 -1.42836,-1.98398 -9.02016,-7.17967 -13.62696,-9.32422 -6.1984,-2.88547 -14.96753,-3.14892 -33.14062,-0.99609 -8.99664,1.06577 -14.71459,1.17515 -24.96094,0.47656 -15.33111,-1.04527 -18.03083,-1.68323 -24.07617,-5.6875 -3.80754,-2.52201 -5.30325,-2.92773 -10.75196,-2.92773 -5.67225,0 -6.85772,-0.3578 -11.44531,-3.44727 -3.02209,-2.03519 -6.16284,-5.21277 -7.66797,-7.75976 -1.40198,-2.37243 -4.60137,-7.47133 -7.10937,-11.33008 -2.508,-3.85875 -4.55859,-7.53851 -4.5586,-8.17578 0,-0.63727 1.29491,-2.36799 2.87891,-3.84766 2.17391,-2.03074 2.88086,-3.54348 2.88086,-6.16602 v -3.47265 l -3.80273,1.93945 c -7.32948,3.73922 -10.47749,1.71962 -6.74219,-4.32422 2.90885,-4.70662 14.6244,-14.60851 20.54883,-17.36718 5.70097,-2.65461 10.93735,-2.88928 17.16992,-0.76563 6.37015,2.17053 7.80948,1.03812 2.10547,-1.65625 -3.99467,-1.88693 -6.33006,-2.26699 -13.91992,-2.26758 -8.20257,-6.5e-4 -9.74935,0.29896 -15.37891,2.9668 -6.47454,3.06829 -16.79453,11.77515 -19.13086,16.14062 -1.55341,2.90256 -3.89063,3.30939 -3.89062,0.67774 0,-2.28609 7.23485,-12.18974 11.58984,-15.86524 1.80966,-1.52731 5.85117,-3.98944 8.98047,-5.47265 4.80139,-2.27573 5.51538,-3.73162 2.59961,-3.53321 z"
       style=""
       id="path13" />
    <path
       d="m 519.81445,141.17383 c -3.60923,-0.13415 -8.17025,0.65144 -11.97461,2.42187 -10.00899,4.65786 -14.90541,9.2122 -19.03906,17.70703 -3.16931,6.51308 -3.92615,7.46516 -4.94922,6.23243 -2.01676,-2.43004 -4.8125,-1.82684 -4.8125,1.03906 0,1.53419 -1.10785,3.53114 -2.8789,5.18555 -1.73433,1.62011 -2.88086,3.65829 -2.88086,5.12304 0,4.09991 -1.8208,7.54714 -6.72852,12.73633 -5.37413,5.68239 -6.12683,7.77217 -5.3418,14.82227 0.67663,6.07656 1.56747,7.2909 6.41797,8.74414 l 3.71875,1.11328 -0.53515,6.33008 c -0.42277,5.0019 -0.16977,7.03644 1.20898,9.6914 1.50822,2.90428 2.18604,3.33783 4.99414,3.20313 3.52976,-0.16931 4.86968,-1.51223 4.89258,-4.90821 0.0142,-2.10965 0.11061,-2.13507 2.8457,-0.7207 5.39653,2.79066 7.9769,0.84573 3.8418,-2.89648 -1.42374,-1.28847 -1.88716,-2.72139 -1.67969,-5.18946 0.24456,-2.90933 0.63377,-3.4082 2.66016,-3.4082 2.1328,0 2.55375,0.68268 4.1289,6.71875 0.96451,3.696 3.43949,10.39286 5.5,14.88086 4.99971,10.8899 5.62573,15.10353 2.99415,20.15234 -4.03012,7.73194 -2.32746,12.15788 9.89843,25.71875 4.65968,5.16847 6.30469,7.70665 6.30469,9.73243 0,1.50724 1.31275,5.54824 2.91797,8.97851 2.22427,4.75316 3.11051,8.37449 3.72266,15.22656 0.44177,4.94501 1.28784,10.20699 1.88085,11.69336 2.99679,7.51141 -0.003,24.27676 -5.80664,32.44727 -0.60532,0.85223 -0.81248,2.30341 -0.45898,3.22461 0.55037,1.43425 1.67358,1.6227 7.81641,1.3125 8.64136,-0.43637 9.85399,-1.40037 10.64062,-8.46485 0.33072,-2.97012 1.20794,-5.67441 2.03516,-6.27929 1.28657,-0.94076 1.22372,-1.88191 -0.54492,-8.20313 -1.78231,-6.37007 -1.93154,-8.72148 -1.38868,-21.83008 0.60693,-14.65552 2.16711,-18.49194 2.22461,-5.46875 0.0163,3.696 0.65694,9.31247 1.42188,12.48047 2.15549,8.92692 1.7617,15.46617 -2.0625,34.30664 -0.29344,1.44552 -0.28297,3.2816 0.0234,4.08008 0.40095,1.04487 1.9779,1.4477 5.62695,1.4375 7.1117,-0.0198 9.85105,-1.60992 9.95117,-5.7832 0.0438,-1.82644 0.41711,-4.08627 0.83008,-5.02149 0.85722,-1.94127 0.2635,-10.9034 -1.29297,-19.5332 -0.85029,-4.71438 -0.76361,-7.46171 0.4375,-13.91992 0.82305,-4.42549 1.7456,-10.9735 2.05078,-14.55078 0.30518,-3.57727 0.9086,-6.72176 1.33984,-6.98828 0.43125,-0.26653 5.66405,0.85719 11.62891,2.49804 15.05894,4.1425 31.25192,5.00769 37.46094,2.00196 5.46436,-2.64526 6.15464,-2.58517 6.80078,0.59179 0.29531,1.452 2.29472,4.98616 4.44141,7.85352 3.57868,4.78008 3.89944,5.6967 3.86914,11.03906 -0.0389,6.86714 -3.90512,17.63913 -8.36133,23.29688 -3.339,4.23931 -7.92578,13.00056 -7.92578,15.13867 0,1.20433 1.4493,1.47265 7.96875,1.47265 8.61941,10e-6 10.25737,-0.75648 10.29297,-4.75195 0.016,-1.79225 0.85281,-2.85782 3.12109,-3.97461 2.79212,-1.3747 3.11555,-1.97409 3.27148,-6.08008 0.12553,-3.30562 1.64011,-7.63546 5.51954,-15.77343 2.94084,-6.16906 5.33671,-12.50403 5.32421,-14.07813 -0.0125,-1.57411 -1.04202,-5.33966 -2.28711,-8.36719 l -2.26367,-5.5039 2.6543,1.88867 c 4.53658,3.23033 8.35017,8.25408 10.69141,14.08203 1.954,4.86399 2.24981,7.23583 2.25781,18.07813 0.009,11.89763 -0.12045,12.733 -2.77539,17.89062 -3.93735,7.6489 -3.32396,8.50977 6.06054,8.50977 6.82291,0 7.81853,-0.23326 9.1504,-2.13477 0.82194,-1.17348 1.49414,-3.54878 1.49414,-5.2793 0,-1.73052 0.32483,-3.14648 0.72265,-3.14648 0.39782,0 0.72742,-9.1804 0.73242,-20.40039 0.005,-11.22 0.37552,-22.1623 0.82227,-24.31641 0.78938,-3.80619 0.70072,-4.00414 -3.14844,-7.05273 -2.17843,-1.72535 -4.45987,-4.0666 -5.06836,-5.20313 -0.60849,-1.13653 -1.27761,-6.93475 -1.48633,-12.88476 -0.31448,-8.96486 -0.0614,-11.67838 1.47461,-15.83985 1.01945,-2.76199 2.15579,-7.78564 2.52539,-11.16211 1.17638,-10.74634 3.8341,-15.07503 11.98438,-19.51953 3.34901,-1.82627 6.37789,-7.69192 5.27344,-10.21289 -0.3778,-0.86236 -0.75279,-1.99934 -0.83399,-2.52734 -0.48039,-3.12338 -3.40783,-7.20117 -5.16992,-7.20117 -0.52171,0 -1.12128,-0.51617 -1.33203,-1.14844 -0.27991,-0.83972 -1.25514,-0.89925 -3.62109,-0.2207 -2.8422,0.81513 -3.38687,1.50699 -4.44336,5.64843 -1.42972,5.60451 -4.12101,9.52921 -6.8086,9.93164 -1.2536,0.18771 -4.11595,-1.61466 -8.0625,-5.07617 -13.32393,-11.68637 -21.14646,-13.46855 -46.59179,-10.61914 -18.67835,2.09163 -39.19983,0.93809 -45.49414,-2.55664 -2.17808,-1.20931 -5.32738,-2.95377 -6.99805,-3.87695 -1.92825,-1.06552 -5.1098,-1.67874 -8.71289,-1.67969 -4.65973,-0.001 -6.46455,-0.51115 -10.08008,-2.84766 -2.42223,-1.56534 -5.16487,-4.04887 -6.0957,-5.51953 -0.93084,-1.47066 -4.00703,-6.41221 -6.83594,-10.98047 l -5.14453,-8.30664 2.43164,-2.43164 c 1.84948,-1.84948 2.539,-3.7061 2.875,-7.75781 0.54821,-6.61065 -0.91977,-7.55323 -7.0957,-4.55273 -2.37152,1.15217 -4.21875,1.59886 -4.21875,1.01953 0,-1.49138 9.74961,-10.63252 15.74218,-14.75977 6.38834,-4.39982 11.01268,-5.11204 19.06055,-2.93359 7.36871,1.99462 10.69836,1.714 11.05664,-0.93164 0.60446,-4.46352 -12.63644,-9.51605 -23.4707,-8.95508 -4.29696,0.22248 -6.07131,-0.0262 -6.07032,-0.85156 0.003,-1.91171 -2.65443,-2.96546 -6.26367,-3.09961 z m -2.86718,2.21484 c 1.28284,-0.21742 2.31848,-0.22278 2.98046,0.0312 1.36638,0.52433 0.65061,1.16978 -3.36718,3.03125 -2.80633,1.30019 -6.78919,3.70056 -8.85157,5.33399 -3.82178,3.0269 -12.34961,14.14235 -12.34961,16.09765 10e-6,2.30043 2.55388,0.88068 5.9375,-3.30078 4.79595,-5.9268 9.67253,-9.71062 17.10352,-13.27148 5.70621,-2.73436 7.06106,-2.99043 15.83984,-2.98243 8.34359,0.007 10.16531,0.31573 13.91993,2.34961 5.43834,2.94595 3.11023,3.79008 -3.9668,1.43946 -8.88699,-2.95178 -15.66709,-0.7934 -26.80469,8.52929 -13.35494,11.17872 -15.18761,19.60074 -3.06836,14.09961 l 4.08008,-1.85156 v 3.38672 c 0,2.48323 -0.76929,4.15405 -2.88086,6.26562 -1.584,1.584 -2.87891,3.28559 -2.87891,3.7793 0,0.49371 1.8725,3.80757 4.16211,7.36524 2.28961,3.55767 5.74414,8.94303 7.67579,11.96679 4.80882,7.5276 11.27456,11.28037 19.45703,11.29297 4.91705,0.008 6.53269,0.47025 10.08007,2.88672 2.32345,1.58273 5.83481,3.32471 7.80274,3.87109 5.69195,1.5803 29.12959,2.68807 37.14453,1.75586 19.14351,-2.22657 27.37115,-2.5142 32.7168,-1.14257 5.77019,1.48057 13.28097,6.04196 19.71289,11.9707 2.48822,2.29356 5.42784,4.01198 7.41211,4.33398 2.92014,0.47387 3.62038,0.13299 6.23828,-3.04297 1.6215,-1.96716 3.49532,-5.57525 4.16406,-8.01953 0.91912,-3.35946 1.30781,-3.91796 1.5918,-2.28515 0.37058,2.13066 3.12109,3.12918 3.12109,1.13281 0,-1.64713 2.54956,1.34937 3.36328,3.95312 0.40482,1.29538 1.18339,2.64125 1.73047,2.99219 1.39332,0.89377 -1.75941,5.47792 -4.47851,6.51172 -3.46825,1.31863 -7.93992,5.52527 -9.60547,9.03516 -0.84723,1.78541 -1.98833,6.43334 -2.53516,10.33007 -0.54683,3.89673 -1.85605,9.58773 -2.9082,12.64649 -1.68016,4.88442 -1.8371,7.04601 -1.29102,17.75976 l 0.62305,12.19922 4.79492,4.6836 4.79492,4.68164 -1.17773,4.91797 c -0.80072,3.34561 -1.02744,10.13299 -0.70899,21.23632 0.51857,18.08138 -0.31959,26.2032 -2.9082,28.16016 -1.1372,0.85971 -3.23227,1.10604 -6.38281,0.75 -2.5796,-0.29152 -4.82858,-0.66646 -4.9961,-0.83398 -0.16751,-0.16752 0.86118,-2.65975 2.28516,-5.53711 2.41458,-4.87897 2.58742,-6.07296 2.57422,-17.72461 -0.0128,-11.31588 -0.25893,-13.11108 -2.61523,-19.03906 -1.43086,-3.59974 -3.37531,-7.53051 -4.32227,-8.73438 -2.24069,-2.84856 -12.40347,-11.12109 -13.66211,-11.12109 -1.62945,0 -1.05558,4.01379 1.44336,10.08007 1.30502,3.16801 2.38162,7.05663 2.39062,8.64063 0.009,1.58773 -2.216,7.30896 -4.95898,12.75 -3.65856,7.25719 -5.09289,11.27152 -5.41602,15.16797 -0.40883,4.92991 -0.63027,5.33855 -3.19531,5.85156 -2.1904,0.43808 -2.76173,1.06828 -2.77344,3.07031 -0.0248,4.25039 -1.33941,5.23749 -7.58789,5.68946 -3.20996,0.23219 -5.83593,0.0258 -5.83593,-0.45703 0,-0.48282 1.48222,-3.2346 3.29492,-6.11524 1.81269,-2.88065 4.47994,-7.12854 5.92578,-9.44141 4.12405,-6.59714 7.09961,-15.8391 7.09961,-22.05078 0,-4.6427 -0.50093,-6.27413 -3.12109,-10.18164 -3.77563,-5.63071 -5.03403,-7.86493 -6.375,-11.32226 -1.26453,-3.26022 -3.57078,-3.38919 -9.02344,-0.5 -5.88267,3.11704 -18.82819,2.80777 -31.88086,-0.76367 -5.28,-1.44471 -11.80546,-2.8144 -14.5,-3.04297 l -4.89844,-0.41602 -0.6543,6.37305 c -0.35913,3.50536 -1.32836,9.64099 -2.15429,13.63476 -1.57188,7.60078 -1.39402,17.57698 0.50976,28.63477 0.82748,4.80627 0.75367,5.93843 -0.44531,6.8457 -1.05931,0.80158 -1.27688,2.09357 -0.82617,4.91211 0.58479,3.6571 0.47577,3.86998 -2.51367,4.91211 -3.22488,1.1242 -4.056,1.17565 -6.91797,0.42774 -2.01168,-0.52571 -1.98479,-0.15514 -0.35742,-4.76758 0.72786,-2.06298 1.85031,-8.38746 2.49414,-14.05274 0.99772,-8.77926 0.95316,-11.32507 -0.30664,-17.24804 -0.81295,-3.82211 -1.761,-10.62138 -2.10547,-15.10938 -0.62801,-8.18198 -2.23748,-12.48047 -4.67383,-12.48047 -0.99873,0 -1.46487,2.97915 -1.99414,12.71875 -1.09268,20.10725 -0.98053,23.87904 0.87695,29.39258 1.26504,3.75499 1.43635,5.33858 0.63477,5.83398 -0.60495,0.37388 -1.35866,2.8693 -1.67578,5.54688 -0.76364,6.44774 -1.24462,7.04721 -6.44922,8.01953 -6.45323,1.2056 -7.81528,0.43654 -5.35157,-3.02344 4.33635,-6.08992 6.52398,-22.29553 4.36329,-32.32226 -0.76869,-3.56714 -1.83398,-9.97872 -2.36719,-14.24805 -0.54662,-4.37671 -2.02836,-10.07731 -3.39649,-13.06836 -1.33457,-2.91767 -2.70503,-7.04438 -3.04492,-9.16992 -0.47232,-2.95373 -1.89483,-5.19066 -6.03711,-9.49219 -6.69442,-6.95178 -11.65039,-14.33495 -11.65039,-17.35937 0,-1.2557 0.69397,-3.6237 1.54102,-5.26172 2.66617,-5.15581 1.48472,-14.13545 -3.19727,-24.28711 -2.19165,-4.752 -4.49883,-10.79945 -5.125,-13.43945 -1.70972,-7.20831 -3.21568,-9.1211 -7.18945,-9.1211 -3.87344,0 -4.69466,1.28214 -4.72656,7.37305 -0.0132,2.51722 -0.30737,3.50136 -0.78907,2.64062 -1.76009,-3.14511 -4.47581,-0.90488 -4.54101,3.7461 -0.0263,1.8753 -0.12623,1.91397 -1.00781,0.40039 -1.36293,-2.34 -2.79919,-2.09641 -2.83399,0.48047 -0.0273,2.02023 -0.0954,2.04483 -1.07226,0.36328 -0.67558,-1.1629 -0.81144,-4.47007 -0.38477,-9.36133 l 0.6582,-7.5625 h -2.41992 c -3.30036,0 -7.18008,-1.88154 -7.7168,-3.74414 -0.48266,-1.67503 -0.81727,-6.28308 -0.65625,-9.0332 0.0559,-0.95561 2.20219,-3.97836 4.76954,-6.71875 5.32079,-5.67942 6.34792,-7.42876 7.22656,-12.30274 0.34499,-1.91371 1.91382,-4.82522 3.48633,-6.4707 1.57251,-1.64548 2.85937,-3.44276 2.85937,-3.99414 0,-0.67797 0.64244,-0.66049 1.98242,0.0566 2.49572,1.33567 4.37634,-0.0384 5.20313,-3.80274 1.20352,-5.4796 7.11657,-13.28465 13.08398,-17.26953 4.84012,-3.2321 10.90927,-5.79891 14.75782,-6.45117 z"
       style=""
       id="path8" />
  </g>
</svg>
